26133.7402      24949.0 53221.4541325498        10000.0
10804.5192      10422.0 35361.06327058611       10000.0
232111.8399     220003.0        449831.47986609046      10000.0
240494.7883     223763.0        437609.4394865882       10000.0
241954.0267     224845.5        499032.1843441066       10000.0
244523.5112     229449.0        405786.3925848152       10000.0
242540.4046     227854.5        318580.23167780245      10000.0
311349.3443     280744.0        565243.4946469176       10000.0
330393.5542     305477.0        528432.845884468        10000.0
445212.4626     355933.0        852085.1269278171       10000.0
642409.4296734378       493650.5        985576.5259420247       7778.0
932619.7754759239       760819.5        1.1688931732239835e6    5358.0
