3.8056013409436834e6    3.742911e6      728956.1636346428       1314.0
505359.25781329017      491018.0        269132.553998063        9887.0
1.1520723444777497e6    1.072497e6      1.0704950524712855e6    4337.0
1.2773777631713555e6    1.181726e6      1.3238268846937593e6    3910.0
1.3801091570796461e6    1.2825355e6     1.1883463906763294e6    3616.0
1.5018832231578948e6    1.373695e6      1.284689100544931e6     3325.0
2.0403750208333333e6    1.6499555e6     1.7870707917026104e6    2448.0
2.8052066333520496e6    2.359505e6      1.7282723161373928e6    1781.0
4.266342634500427e6     3.797024e6      1.8454487045828528e6    1171.0
7.59769697568389e6      6.937212e6      2.8183601037821476e6    658.0
1.504999185885886e7     1.4335666e7     2.2363734991667797e6    333.0
3.0919528462962963e7    3.01283325e7    3.185517668530523e6     162.0
